Nodal Displacements: 
 Node            Coords            u1       u2       u3 
  1   0.0000  -1.0000   0.0000   0.0000   0.0000  -0.0000 
  2   1.0000  -1.0000   0.0000   0.0385   0.0000  -0.0000 
  3   2.0000  -1.0000   0.0000   0.0769   0.0000   0.0000 
  4   3.0000  -1.0000   0.0000   0.1154   0.0000   0.0000 
  5   0.0000   0.0000   0.0000  -0.0000  -0.0115   0.0000 
  6   1.0000   0.0000   0.0000   0.0385  -0.0115   0.0000 
  7   2.0000   0.0000   0.0000   0.0769  -0.0115   0.0000 
  8   3.0000   0.0000   0.0000   0.1154  -0.0115   0.0000 
  9   0.0000   1.0000   0.0000  -0.0000  -0.0231   0.0000 
 10   1.0000   1.0000   0.0000   0.0385  -0.0231   0.0000 
 11   2.0000   1.0000   0.0000   0.0769  -0.0231   0.0000 
 12   3.0000   1.0000   0.0000   0.1154  -0.0231   0.0000 
 13   0.0000  -1.0000   1.0000   0.0000   0.0000  -0.0115 
 14   1.0000  -1.0000   1.0000   0.0385  -0.0000  -0.0115 
 15   2.0000  -1.0000   1.0000   0.0769  -0.0000  -0.0115 
 16   3.0000  -1.0000   1.0000   0.1154  -0.0000  -0.0115 
 17   0.0000   0.0000   1.0000  -0.0000  -0.0115  -0.0115 
 18   1.0000   0.0000   1.0000   0.0385  -0.0115  -0.0115 
 19   2.0000   0.0000   1.0000   0.0769  -0.0115  -0.0115 
 20   3.0000   0.0000   1.0000   0.1154  -0.0115  -0.0115 
 21   0.0000   1.0000   1.0000  -0.0000  -0.0231  -0.0115 
 22   1.0000   1.0000   1.0000   0.0385  -0.0231  -0.0115 
 23   2.0000   1.0000   1.0000   0.0769  -0.0231  -0.0115 
 24   3.0000   1.0000   1.0000   0.1154  -0.0231  -0.0115 


 Strains and Stresses 
 
 Element; 1 
 int pt         Coords            e_11      e_22     e_33      e_12       e_13      e_23      s_11      s_22      s_33      s_12      s_13      s_23 
    1  0.2113 -0.7887  0.2113    0.0385   -0.0115   -0.0115   -0.0000   -0.0000    0.0000    1.0000   -0.0000   -0.0000   -0.0000   -0.0000    0.0000 
    2  0.7887 -0.7887  0.2113    0.0385   -0.0115   -0.0115   -0.0000   -0.0000   -0.0000    1.0000   -0.0000   -0.0000   -0.0000   -0.0000   -0.0000 
    3  0.2113 -0.2113  0.2113    0.0385   -0.0115   -0.0115   -0.0000    0.0000   -0.0000    1.0000    0.0000    0.0000   -0.0000    0.0000   -0.0000 
    4  0.7887 -0.2113  0.2113    0.0385   -0.0115   -0.0115   -0.0000   -0.0000   -0.0000    1.0000    0.0000    0.0000   -0.0000   -0.0000   -0.0000 
    5  0.2113 -0.7887  0.7887    0.0385   -0.0115   -0.0115   -0.0000   -0.0000    0.0000    1.0000   -0.0000   -0.0000   -0.0000   -0.0000    0.0000 
    6  0.7887 -0.7887  0.7887    0.0385   -0.0115   -0.0115   -0.0000   -0.0000   -0.0000    1.0000   -0.0000   -0.0000   -0.0000   -0.0000   -0.0000 
    7  0.2113 -0.2113  0.7887    0.0385   -0.0115   -0.0115   -0.0000    0.0000   -0.0000    1.0000   -0.0000   -0.0000   -0.0000    0.0000   -0.0000 
    8  0.7887 -0.2113  0.7887    0.0385   -0.0115   -0.0115   -0.0000   -0.0000   -0.0000    1.0000   -0.0000   -0.0000   -0.0000   -0.0000   -0.0000 
 
 Element; 2 
 int pt         Coords            e_11      e_22     e_33      e_12       e_13      e_23      s_11      s_22      s_33      s_12      s_13      s_23 
    1  1.2113 -0.7887  0.2113    0.0385   -0.0115   -0.0115   -0.0000    0.0000   -0.0000    1.0000    0.0000    0.0000   -0.0000    0.0000   -0.0000 
    2  1.7887 -0.7887  0.2113    0.0385   -0.0115   -0.0115   -0.0000   -0.0000   -0.0000    1.0000    0.0000    0.0000   -0.0000   -0.0000   -0.0000 
    3  1.2113 -0.2113  0.2113    0.0385   -0.0115   -0.0115   -0.0000    0.0000    0.0000    1.0000    0.0000    0.0000   -0.0000    0.0000    0.0000 
    4  1.7887 -0.2113  0.2113    0.0385   -0.0115   -0.0115   -0.0000   -0.0000    0.0000    1.0000    0.0000    0.0000   -0.0000   -0.0000    0.0000 
    5  1.2113 -0.7887  0.7887    0.0385   -0.0115   -0.0115   -0.0000    0.0000   -0.0000    1.0000   -0.0000   -0.0000   -0.0000    0.0000   -0.0000 
    6  1.7887 -0.7887  0.7887    0.0385   -0.0115   -0.0115   -0.0000   -0.0000   -0.0000    1.0000   -0.0000   -0.0000   -0.0000   -0.0000   -0.0000 
    7  1.2113 -0.2113  0.7887    0.0385   -0.0115   -0.0115   -0.0000    0.0000    0.0000    1.0000   -0.0000   -0.0000   -0.0000    0.0000    0.0000 
    8  1.7887 -0.2113  0.7887    0.0385   -0.0115   -0.0115   -0.0000   -0.0000    0.0000    1.0000   -0.0000   -0.0000   -0.0000   -0.0000    0.0000 
 
 Element; 3 
 int pt         Coords            e_11      e_22     e_33      e_12       e_13      e_23      s_11      s_22      s_33      s_12      s_13      s_23 
    1  2.2113 -0.7887  0.2113    0.0385   -0.0115   -0.0115   -0.0000    0.0000   -0.0000    1.0000   -0.0000    0.0000   -0.0000    0.0000   -0.0000 
    2  2.7887 -0.7887  0.2113    0.0385   -0.0115   -0.0115   -0.0000   -0.0000   -0.0000    1.0000    0.0000    0.0000   -0.0000   -0.0000   -0.0000 
    3  2.2113 -0.2113  0.2113    0.0385   -0.0115   -0.0115   -0.0000    0.0000    0.0000    1.0000    0.0000    0.0000   -0.0000    0.0000    0.0000 
    4  2.7887 -0.2113  0.2113    0.0385   -0.0115   -0.0115   -0.0000   -0.0000   -0.0000    1.0000    0.0000    0.0000   -0.0000   -0.0000   -0.0000 
    5  2.2113 -0.7887  0.7887    0.0385   -0.0115   -0.0115   -0.0000    0.0000   -0.0000    1.0000   -0.0000   -0.0000   -0.0000    0.0000   -0.0000 
    6  2.7887 -0.7887  0.7887    0.0385   -0.0115   -0.0115    0.0000   -0.0000   -0.0000    1.0000   -0.0000   -0.0000    0.0000   -0.0000   -0.0000 
    7  2.2113 -0.2113  0.7887    0.0385   -0.0115   -0.0115   -0.0000    0.0000    0.0000    1.0000    0.0000    0.0000   -0.0000    0.0000    0.0000 
    8  2.7887 -0.2113  0.7887    0.0385   -0.0115   -0.0115   -0.0000    0.0000   -0.0000    1.0000   -0.0000    0.0000   -0.0000    0.0000   -0.0000 
 
 Element; 4 
 int pt         Coords            e_11      e_22     e_33      e_12       e_13      e_23      s_11      s_22      s_33      s_12      s_13      s_23 
    1  0.2113  0.2113  0.2113    0.0385   -0.0115   -0.0115    0.0000    0.0000   -0.0000    1.0000    0.0000    0.0000    0.0000    0.0000   -0.0000 
    2  0.7887  0.2113  0.2113    0.0385   -0.0115   -0.0115    0.0000   -0.0000   -0.0000    1.0000    0.0000    0.0000    0.0000   -0.0000   -0.0000 
    3  0.2113  0.7887  0.2113    0.0385   -0.0115   -0.0115    0.0000    0.0000    0.0000    1.0000    0.0000    0.0000    0.0000    0.0000    0.0000 
    4  0.7887  0.7887  0.2113    0.0385   -0.0115   -0.0115    0.0000   -0.0000   -0.0000    1.0000    0.0000    0.0000    0.0000   -0.0000   -0.0000 
    5  0.2113  0.2113  0.7887    0.0385   -0.0115   -0.0115   -0.0000    0.0000   -0.0000    1.0000    0.0000   -0.0000   -0.0000    0.0000   -0.0000 
    6  0.7887  0.2113  0.7887    0.0385   -0.0115   -0.0115   -0.0000   -0.0000   -0.0000    1.0000   -0.0000   -0.0000   -0.0000   -0.0000   -0.0000 
    7  0.2113  0.7887  0.7887    0.0385   -0.0115   -0.0115   -0.0000    0.0000    0.0000    1.0000   -0.0000   -0.0000   -0.0000    0.0000    0.0000 
    8  0.7887  0.7887  0.7887    0.0385   -0.0115   -0.0115   -0.0000   -0.0000   -0.0000    1.0000   -0.0000   -0.0000   -0.0000   -0.0000   -0.0000 
 
 Element; 5 
 int pt         Coords            e_11      e_22     e_33      e_12       e_13      e_23      s_11      s_22      s_33      s_12      s_13      s_23 
    1  1.2113  0.2113  0.2113    0.0385   -0.0115   -0.0115   -0.0000    0.0000   -0.0000    1.0000    0.0000    0.0000   -0.0000    0.0000   -0.0000 
    2  1.7887  0.2113  0.2113    0.0385   -0.0115   -0.0115   -0.0000   -0.0000   -0.0000    1.0000   -0.0000    0.0000   -0.0000   -0.0000   -0.0000 
    3  1.2113  0.7887  0.2113    0.0385   -0.0115   -0.0115   -0.0000    0.0000   -0.0000    1.0000    0.0000    0.0000   -0.0000    0.0000   -0.0000 
    4  1.7887  0.7887  0.2113    0.0385   -0.0115   -0.0115   -0.0000   -0.0000   -0.0000    1.0000   -0.0000   -0.0000   -0.0000   -0.0000   -0.0000 
    5  1.2113  0.2113  0.7887    0.0385   -0.0115   -0.0115   -0.0000    0.0000   -0.0000    1.0000   -0.0000   -0.0000   -0.0000    0.0000   -0.0000 
    6  1.7887  0.2113  0.7887    0.0385   -0.0115   -0.0115   -0.0000   -0.0000   -0.0000    1.0000   -0.0000   -0.0000   -0.0000   -0.0000   -0.0000 
    7  1.2113  0.7887  0.7887    0.0385   -0.0115   -0.0115   -0.0000   -0.0000   -0.0000    1.0000   -0.0000   -0.0000   -0.0000   -0.0000   -0.0000 
    8  1.7887  0.7887  0.7887    0.0385   -0.0115   -0.0115    0.0000   -0.0000   -0.0000    1.0000   -0.0000   -0.0000    0.0000   -0.0000   -0.0000 
 
 Element; 6 
 int pt         Coords            e_11      e_22     e_33      e_12       e_13      e_23      s_11      s_22      s_33      s_12      s_13      s_23 
    1  2.2113  0.2113  0.2113    0.0385   -0.0115   -0.0115    0.0000    0.0000   -0.0000    1.0000   -0.0000    0.0000    0.0000    0.0000   -0.0000 
    2  2.7887  0.2113  0.2113    0.0385   -0.0115   -0.0115    0.0000    0.0000   -0.0000    1.0000    0.0000    0.0000    0.0000    0.0000   -0.0000 
    3  2.2113  0.7887  0.2113    0.0385   -0.0115   -0.0115    0.0000    0.0000    0.0000    1.0000   -0.0000   -0.0000    0.0000    0.0000    0.0000 
    4  2.7887  0.7887  0.2113    0.0385   -0.0115   -0.0115    0.0000   -0.0000    0.0000    1.0000    0.0000    0.0000    0.0000   -0.0000    0.0000 
    5  2.2113  0.2113  0.7887    0.0385   -0.0115   -0.0115   -0.0000    0.0000   -0.0000    1.0000    0.0000    0.0000   -0.0000    0.0000   -0.0000 
    6  2.7887  0.2113  0.7887    0.0385   -0.0115   -0.0115   -0.0000    0.0000    0.0000    1.0000    0.0000    0.0000   -0.0000    0.0000    0.0000 
    7  2.2113  0.7887  0.7887    0.0385   -0.0115   -0.0115   -0.0000    0.0000   -0.0000    1.0000   -0.0000   -0.0000   -0.0000    0.0000   -0.0000 
    8  2.7887  0.7887  0.7887    0.0385   -0.0115   -0.0115   -0.0000   -0.0000    0.0000    1.0000   -0.0000   -0.0000   -0.0000   -0.0000    0.0000 
